INFO: [SIM 2] *************** CSIM start ***************
INFO: [SIM 4] CSIM will launch GCC as the compiler.
   Compiling(apcc) ../../../../floyd_warshall_test.c in debug mode
awk: read error (Is a directory)
INFO: [HLS 200-10] Running '/home/elva/Programs/Xilinx/Vivado_HLS/2017.2/bin/unwrapped/lnx64.o/apcc'
INFO: [HLS 200-10] For user 'elva' on host 'Michele-PC' (Linux_x86_64 version 4.13.0-36-generic) on Fri Mar 02 00:43:59 CET 2018
INFO: [HLS 200-10] On os elementary OS 0.4.1 Loki
INFO: [HLS 200-10] In directory '/home/elva/Documents/ProgettoEmbedded/VivadoHLS/FloydWarshall/FloydWarshall/solution1/csim/build'
INFO: [APCC 202-3] Tmp directory is /tmp/apcc_db_elva/99331519947840010270
INFO: [APCC 202-1] APCC is done.
   Compiling(apcc) ../../../../floyd_warshall.c in debug mode
awk: read error (Is a directory)
INFO: [HLS 200-10] Running '/home/elva/Programs/Xilinx/Vivado_HLS/2017.2/bin/unwrapped/lnx64.o/apcc'
INFO: [HLS 200-10] For user 'elva' on host 'Michele-PC' (Linux_x86_64 version 4.13.0-36-generic) on Fri Mar 02 00:44:00 CET 2018
INFO: [HLS 200-10] On os elementary OS 0.4.1 Loki
INFO: [HLS 200-10] In directory '/home/elva/Documents/ProgettoEmbedded/VivadoHLS/FloydWarshall/FloydWarshall/solution1/csim/build'
INFO: [APCC 202-3] Tmp directory is /tmp/apcc_db_elva/100121519947840768780
INFO: [APCC 202-1] APCC is done.
   Generating csim.exe
0 1 4294967283 4294967283 3 4294967283 4294967283 4294967283 4294967283 7 
1 0 2 4294967283 4294967283 4 4294967283 10 4294967283 4294967283 
4294967283 2 0 5 4294967283 4294967283 4294967283 4294967283 4294967283 4294967283 
4294967283 4294967283 5 0 6 4294967283 4294967283 4294967283 11 4294967283 
3 4294967283 4294967283 6 0 4294967283 4294967283 4294967283 7 4294967283 
4294967283 4 4294967283 4294967283 4294967283 0 1 4294967283 4294967283 4294967283 
4294967283 4294967283 4294967283 4294967283 4294967283 1 0 4294967283 4294967283 4 
4294967283 10 4294967283 4294967283 4294967283 4294967283 4294967283 0 4294967283 4294967283 
4294967283 4294967283 4294967283 11 7 4294967283 4294967283 4294967283 0 4294967283 
7 4294967283 4294967283 4294967283 4294967283 4294967283 4 4294967283 4294967283 0 


0 1 4294967283 4294967283 3 4294967283 4294967283 4294967283 4294967283 7 
1 0 2 4294967283 4 4 4294967283 10 4294967283 8 
4294967283 2 0 5 4294967283 4294967270 4294967270 4294967270 4294967270 4294967283 
4294967283 4294967283 5 0 6 4294967270 4294967270 4294967270 11 4294967283 
3 4 4294967283 6 0 4294967283 4294967283 4294967283 7 10 
4294967283 4 4294967270 4294967270 4294967283 0 1 4294967270 4294967270 4294967283 
4294967283 4294967283 4294967270 4294967270 4294967283 1 0 4294967270 4294967270 4 
4294967283 10 4294967270 4294967270 4294967283 4294967270 4294967270 0 4294967270 4294967283 
4294967283 4294967283 4294967270 11 7 4294967270 4294967270 4294967270 0 4294967283 
7 8 4294967283 4294967283 10 4294967283 4 4294967283 4294967283 0 


0 1 3 4294967283 3 5 4294967283 11 4294967283 7 
1 0 2 4294967283 4 4 4294967283 10 4294967283 8 
3 2 0 5 6 6 4294967270 12 4294967270 10 
4294967283 4294967283 5 0 6 4294967270 4294967270 4294967270 11 4294967283 
3 4 6 6 0 8 4294967283 14 7 10 
5 4 6 4294967270 8 0 1 14 4294967270 12 
4294967283 4294967283 4294967270 4294967270 4294967283 1 0 4294967270 4294967270 4 
11 10 12 4294967270 14 14 4294967270 0 4294967270 18 
4294967283 4294967283 4294967270 11 7 4294967270 4294967270 4294967270 0 4294967283 
7 8 10 4294967283 10 12 4 18 4294967283 0 


0 1 3 8 3 5 4294967273 11 4294967273 7 
1 0 2 7 4 4 4294967272 10 4294967272 8 
3 2 0 5 6 6 4294967270 12 4294967270 10 
8 7 5 0 6 11 4294967270 17 11 15 
3 4 6 6 0 8 4294967276 14 7 10 
5 4 6 11 8 0 1 14 4294967270 12 
4294967273 4294967272 4294967270 4294967270 4294967276 1 0 4294967270 4294967244 4 
11 10 12 17 14 14 4294967270 0 4294967270 18 
4294967273 4294967272 4294967270 11 7 4294967270 4294967244 4294967270 0 4294967280 
7 8 10 15 10 12 4 18 4294967280 0 


0 1 3 8 3 5 4294967273 11 19 7 
1 0 2 7 4 4 4294967272 10 18 8 
3 2 0 5 6 6 4294967270 12 16 10 
8 7 5 0 6 11 4294967270 17 11 15 
3 4 6 6 0 8 4294967276 14 7 10 
5 4 6 11 8 0 1 14 22 12 
4294967273 4294967272 4294967270 4294967270 4294967276 1 0 4294967270 4294967244 4 
11 10 12 17 14 14 4294967270 0 28 18 
19 18 16 11 7 22 4294967244 28 0 26 
7 8 10 15 10 12 4 18 26 0 


0 1 3 8 3 5 4294967273 11 10 7 
1 0 2 7 4 4 4294967272 10 11 8 
3 2 0 5 6 6 4294967270 12 13 10 
8 7 5 0 6 11 4294967270 17 11 15 
3 4 6 6 0 8 4294967276 14 7 10 
5 4 6 11 8 0 1 14 15 12 
4294967273 4294967272 4294967270 4294967270 4294967276 1 0 4294967270 4294967244 4 
11 10 12 17 14 14 4294967270 0 21 18 
10 11 13 11 7 15 4294967244 21 0 17 
7 8 10 15 10 12 4 18 17 0 


0 1 3 8 3 5 6 11 10 7 
1 0 2 7 4 4 5 10 11 8 
3 2 0 5 6 6 7 12 13 10 
8 7 5 0 6 11 12 17 11 15 
3 4 6 6 0 8 9 14 7 10 
5 4 6 11 8 0 1 14 15 12 
6 5 7 12 9 1 0 15 16 4 
11 10 12 17 14 14 15 0 21 18 
10 11 13 11 7 15 16 21 0 17 
7 8 10 15 10 12 4 18 17 0 


0 1 3 8 3 5 6 11 10 7 
1 0 2 7 4 4 5 10 11 8 
3 2 0 5 6 6 7 12 13 10 
8 7 5 0 6 11 12 17 11 15 
3 4 6 6 0 8 9 14 7 10 
5 4 6 11 8 0 1 14 15 5 
6 5 7 12 9 1 0 15 16 4 
11 10 12 17 14 14 15 0 21 18 
10 11 13 11 7 15 16 21 0 17 
7 8 10 15 10 5 4 18 17 0 


0 1 3 8 3 5 6 11 10 7 
1 0 2 7 4 4 5 10 11 8 
3 2 0 5 6 6 7 12 13 10 
8 7 5 0 6 11 12 17 11 15 
3 4 6 6 0 8 9 14 7 10 
5 4 6 11 8 0 1 14 15 5 
6 5 7 12 9 1 0 15 16 4 
11 10 12 17 14 14 15 0 21 18 
10 11 13 11 7 15 16 21 0 17 
7 8 10 15 10 5 4 18 17 0 


0 1 3 8 3 5 6 11 10 7 
1 0 2 7 4 4 5 10 11 8 
3 2 0 5 6 6 7 12 13 10 
8 7 5 0 6 11 12 17 11 15 
3 4 6 6 0 8 9 14 7 10 
5 4 6 11 8 0 1 14 15 5 
6 5 7 12 9 1 0 15 16 4 
11 10 12 17 14 14 15 0 21 18 
10 11 13 11 7 15 16 21 0 17 
7 8 10 15 10 5 4 18 17 0 


0 1 3 8 3 5 6 11 10 7 
1 0 2 7 4 4 5 10 11 8 
3 2 0 5 6 6 7 12 13 10 
8 7 5 0 6 11 12 17 11 15 
3 4 6 6 0 8 9 14 7 10 
5 4 6 11 8 0 1 14 15 5 
6 5 7 12 9 1 0 15 16 4 
11 10 12 17 14 14 15 0 21 18 
10 11 13 11 7 15 16 21 0 17 
7 8 10 15 10 5 4 18 17 0 
INFO: [SIM 1] CSim done with 0 errors.
INFO: [SIM 3] *************** CSIM finish ***************
